100
3 1 5 15 13 11
3 0 8 23 22 21
3 1 8 9 21 20
1 1 10 2
2 0 3 18 5
1 1 8 25
2 0 10 26 13
2 0 10 15 27
3 0 4 22 0 29
3 0 10 16 26 27
3 0 8 18 20 20
1 0 5 23
2 1 2 3 3
2 1 4 9 9
1 0 4 26
3 3 1 8 28 26
2 0 8 22 5
3 2 4 22 14 14
1 0 2 7
1 0 8 21
2 1 0 8 5
2 0 4 8 3
3 0 9 15 30 11
1 0 10 19
3 0 2 19 5 21
3 0 4 16 9 17
1 0 6 16
1 0 5 12
2 0 6 14 11
1 0 7 4
1 0 5 10
2 0 6 12 11
2 0 2 16 29
1 0 4 24
1 1 1 24
1 1 6 7
1 0 9 23
2 0 4 0 8
3 1 10 8 23 14
2 0 5 12 12
3 2 1 23 19 7
1 0 7 18
2 1 8 17 9
2 0 7 21 24
2 2 10 20 17
2 0 0 0 0
2 1 6 15 15
1 0 10 26
1 0 2 3
2 0 8 27 13
3 1 4 26 9 8
1 0 3 5
3 1 8 21 20 19
3 3 3 11 7 6
2 0 9 23 23
3 2 1 18 5 14
2 2 10 2 24
2 0 2 9 2
2 1 8 20 21
3 0 10 16 26 27
3 0 10 0 18 26
1 0 3 8
2 2 7 10 9
1 1 1 23
3 3 6 8 4 3
1 1 8 17
1 0 7 18
3 0 6 7 30 11
3 0 8 16 11 5
1 0 9 24
2 0 6 14 15
3 0 4 8 25 9
3 0 3 14 3 28
3 0 8 23 20 21
3 1 6 14 14 9
2 2 7 3 17
2 0 3 5 9
2 0 7 9 29
2 0 9 29 6
2 1 1 10 0
1 1 4 22
2 2 3 17 24
3 0 3 13 16 5
3 0 0 30 30 30
1 1 9 4
3 1 5 11 11 11
3 3 8 22 14 6
3 0 7 18 21 18
2 0 2 1 2
2 2 3 4 15
3 0 9 0 1 1
2 1 2 9 18
3 1 8 14 11 0
1 0 1 0
1 0 6 1
1 0 2 5
3 0 6 21 9 21
1 0 7 17
2 0 10 30 30
3 0 6 14 0 19
